Node	Time	EnergyCarrier	ReferenceDemand
2	1	Biogas	0.0
2	1	CH4	0.0
2	1	CH4_H2_Mix	0.0
2	1	DummyFuel	0.0
2	1	Electricity	39.514124532546006
2	1	H2	0.0
2	1	LT	12.880631144664804
2	1	MT	57.6290730231623
2	2	Biogas	0.0
2	2	CH4	0.0
2	2	CH4_H2_Mix	0.0
2	2	DummyFuel	0.0
2	2	Electricity	39.47923511165537
2	2	H2	0.0
2	2	LT	12.880631144664804
2	2	MT	60.70206548819756
2	3	Biogas	0.0
2	3	CH4	0.0
2	3	CH4_H2_Mix	0.0
2	3	DummyFuel	0.0
2	3	Electricity	39.28818630602139
2	3	H2	0.0
2	3	LT	12.880631144664804
2	3	MT	60.70206548819756
2	4	Biogas	0.0
2	4	CH4	0.0
2	4	CH4_H2_Mix	0.0
2	4	DummyFuel	0.0
2	4	Electricity	39.48253173101669
2	4	H2	0.0
2	4	LT	12.880631144664804
2	4	MT	60.70206548819756
2	5	Biogas	0.0
2	5	CH4	0.0
2	5	CH4_H2_Mix	0.0
2	5	DummyFuel	0.0
2	5	Electricity	41.17395805044448
2	5	H2	0.0
2	5	LT	12.880631144664804
2	5	MT	60.70206548819756
2	6	Biogas	0.0
2	6	CH4	0.0
2	6	CH4_H2_Mix	0.0
2	6	DummyFuel	0.0
2	6	Electricity	46.08423793591267
2	6	H2	0.0
2	6	LT	12.880631144664804
2	6	MT	60.70206548819756
2	7	Biogas	0.0
2	7	CH4	0.0
2	7	CH4_H2_Mix	0.0
2	7	DummyFuel	0.0
2	7	Electricity	56.20583112482509
2	7	H2	0.0
2	7	LT	12.880631144664804
2	7	MT	60.70206548819756
2	8	Biogas	0.0
2	8	CH4	0.0
2	8	CH4_H2_Mix	0.0
2	8	DummyFuel	0.0
2	8	Electricity	68.73900759879645
2	8	H2	0.0
2	8	LT	39.90324035352207
2	8	MT	238.9915694069381
2	9	Biogas	0.0
2	9	CH4	0.0
2	9	CH4_H2_Mix	0.0
2	9	DummyFuel	0.0
2	9	Electricity	83.98612768741746
2	9	H2	0.0
2	9	LT	44.68479120136077
2	9	MT	269.167187388225
2	10	Biogas	0.0
2	10	CH4	0.0
2	10	CH4_H2_Mix	0.0
2	10	DummyFuel	0.0
2	10	Electricity	94.98344373356785
2	10	H2	0.0
2	10	LT	49.40580818174622
2	10	MT	297.57553455258864
2	11	Biogas	0.0
2	11	CH4	0.0
2	11	CH4_H2_Mix	0.0
2	11	DummyFuel	0.0
2	11	Electricity	99.5767908629684
2	11	H2	0.0
2	11	LT	49.40580818174622
2	11	MT	297.57553455258864
2	12	Biogas	0.0
2	12	CH4	0.0
2	12	CH4_H2_Mix	0.0
2	12	DummyFuel	0.0
2	12	Electricity	99.2527771792342
2	12	H2	0.0
2	12	LT	59.152857072579764
2	12	MT	356.06719918017706
2	13	Biogas	0.0
2	13	CH4	0.0
2	13	CH4_H2_Mix	0.0
2	13	DummyFuel	0.0
2	13	Electricity	90.24744543191545
2	13	H2	0.0
2	13	LT	59.152857072579764
2	13	MT	356.06719918017706
2	14	Biogas	0.0
2	14	CH4	0.0
2	14	CH4_H2_Mix	0.0
2	14	DummyFuel	0.0
2	14	Electricity	89.83253064070752
2	14	H2	0.0
2	14	LT	39.35374436085004
2	14	MT	237.40889962613875
2	15	Biogas	0.0
2	15	CH4	0.0
2	15	CH4_H2_Mix	0.0
2	15	DummyFuel	0.0
2	15	Electricity	96.47574091232958
2	15	H2	0.0
2	15	LT	59.152857072579764
2	15	MT	356.06719918017706
2	16	Biogas	0.0
2	16	CH4	0.0
2	16	CH4_H2_Mix	0.0
2	16	DummyFuel	0.0
2	16	Electricity	95.9376002378414
2	16	H2	0.0
2	16	LT	59.03178933767329
2	16	MT	350.83096508581485
2	17	Biogas	0.0
2	17	CH4	0.0
2	17	CH4_H2_Mix	0.0
2	17	DummyFuel	0.0
2	17	Electricity	93.83788373042698
2	17	H2	0.0
2	17	LT	49.31673251866229
2	17	MT	219.95612022097166
2	18	Biogas	0.0
2	18	CH4	0.0
2	18	CH4_H2_Mix	0.0
2	18	DummyFuel	0.0
2	18	Electricity	88.61818268743235
2	18	H2	0.0
2	18	LT	39.352941299111855
2	18	MT	108.85268639812936
2	19	Biogas	0.0
2	19	CH4	0.0
2	19	CH4_H2_Mix	0.0
2	19	DummyFuel	0.0
2	19	Electricity	81.07371103008501
2	19	H2	0.0
2	19	LT	14.230961022847467
2	19	MT	63.431618310357884
2	20	Biogas	0.0
2	20	CH4	0.0
2	20	CH4_H2_Mix	0.0
2	20	DummyFuel	0.0
2	20	Electricity	66.64474886886964
2	20	H2	0.0
2	20	LT	14.230961022847467
2	20	MT	63.27183498073201
2	21	Biogas	0.0
2	21	CH4	0.0
2	21	CH4_H2_Mix	0.0
2	21	DummyFuel	0.0
2	21	Electricity	50.705085756230304
2	21	H2	0.0
2	21	LT	14.230961022847467
2	21	MT	63.27183498073201
2	22	Biogas	0.0
2	22	CH4	0.0
2	22	CH4_H2_Mix	0.0
2	22	DummyFuel	0.0
2	22	Electricity	44.03751908785163
2	22	H2	0.0
2	22	LT	14.230961022847467
2	22	MT	63.27183498073201
2	23	Biogas	0.0
2	23	CH4	0.0
2	23	CH4_H2_Mix	0.0
2	23	DummyFuel	0.0
2	23	Electricity	42.25427811513485
2	23	H2	0.0
2	23	LT	14.230961022847467
2	23	MT	63.27183498073201
2	24	Biogas	0.0
2	24	CH4	0.0
2	24	CH4_H2_Mix	0.0
2	24	DummyFuel	0.0
2	24	Electricity	40.89820473258733
2	24	H2	0.0
2	24	LT	14.230961022847467
2	24	MT	63.27183498073201
3	1	Biogas	0.0
3	1	CH4	0.0
3	1	CH4_H2_Mix	0.0
3	1	DummyFuel	0.0
3	1	Electricity	36.50792285085896
3	1	H2	0.0
3	1	LT	13.815662482594357
3	1	MT	64.39556339195424
3	2	Biogas	0.0
3	2	CH4	0.0
3	2	CH4_H2_Mix	0.0
3	2	DummyFuel	0.0
3	2	Electricity	36.30935944629282
3	2	H2	0.0
3	2	LT	13.815662482594357
3	2	MT	63.80858090166221
3	3	Biogas	0.0
3	3	CH4	0.0
3	3	CH4_H2_Mix	0.0
3	3	DummyFuel	0.0
3	3	Electricity	36.13078554303947
3	3	H2	0.0
3	3	LT	13.815662482594357
3	3	MT	63.80858090166221
3	4	Biogas	0.0
3	4	CH4	0.0
3	4	CH4_H2_Mix	0.0
3	4	DummyFuel	0.0
3	4	Electricity	36.35680231686975
3	4	H2	0.0
3	4	LT	13.815662482594357
3	4	MT	63.80858090166221
3	5	Biogas	0.0
3	5	CH4	0.0
3	5	CH4_H2_Mix	0.0
3	5	DummyFuel	0.0
3	5	Electricity	37.798475083176534
3	5	H2	0.0
3	5	LT	13.815662482594357
3	5	MT	63.80858090166221
3	6	Biogas	0.0
3	6	CH4	0.0
3	6	CH4_H2_Mix	0.0
3	6	DummyFuel	0.0
3	6	Electricity	42.77438759700367
3	6	H2	0.0
3	6	LT	13.815662482594357
3	6	MT	63.80858090166221
3	7	Biogas	0.0
3	7	CH4	0.0
3	7	CH4_H2_Mix	0.0
3	7	DummyFuel	0.0
3	7	Electricity	52.8137462146627
3	7	H2	0.0
3	7	LT	13.815662482594357
3	7	MT	63.80858090166221
3	8	Biogas	0.0
3	8	CH4	0.0
3	8	CH4_H2_Mix	0.0
3	8	DummyFuel	0.0
3	8	Electricity	64.71824146032111
3	8	H2	0.0
3	8	LT	42.055618567672134
3	8	MT	249.09404437503056
3	9	Biogas	0.0
3	9	CH4	0.0
3	9	CH4_H2_Mix	0.0
3	9	DummyFuel	0.0
3	9	Electricity	79.52856495126112
3	9	H2	0.0
3	9	LT	47.574893164550055
3	9	MT	282.4321866892684
3	10	Biogas	0.0
3	10	CH4	0.0
3	10	CH4_H2_Mix	0.0
3	10	DummyFuel	0.0
3	10	Electricity	89.90329160150146
3	10	H2	0.0
3	10	LT	52.57623190086751
3	10	MT	312.020777572596
3	11	Biogas	0.0
3	11	CH4	0.0
3	11	CH4_H2_Mix	0.0
3	11	DummyFuel	0.0
3	11	Electricity	93.94509812859351
3	11	H2	0.0
3	11	LT	52.57623190086751
3	11	MT	312.020777572596
3	12	Biogas	0.0
3	12	CH4	0.0
3	12	CH4_H2_Mix	0.0
3	12	DummyFuel	0.0
3	12	Electricity	93.57171180553455
3	12	H2	0.0
3	12	LT	62.87103918452136
3	12	MT	372.96729038330966
3	13	Biogas	0.0
3	13	CH4	0.0
3	13	CH4_H2_Mix	0.0
3	13	DummyFuel	0.0
3	13	Electricity	84.63189809606588
3	13	H2	0.0
3	13	LT	62.87103918452136
3	13	MT	372.96729038330966
3	14	Biogas	0.0
3	14	CH4	0.0
3	14	CH4_H2_Mix	0.0
3	14	DummyFuel	0.0
3	14	Electricity	84.65068205793672
3	14	H2	0.0
3	14	LT	41.98929480619475
3	14	MT	249.30493371782367
3	15	Biogas	0.0
3	15	CH4	0.0
3	15	CH4_H2_Mix	0.0
3	15	DummyFuel	0.0
3	15	Electricity	91.55440203890967
3	15	H2	0.0
3	15	LT	62.87103918452136
3	15	MT	372.96729038330966
3	16	Biogas	0.0
3	16	CH4	0.0
3	16	CH4_H2_Mix	0.0
3	16	DummyFuel	0.0
3	16	Electricity	91.11649023529274
3	16	H2	0.0
3	16	LT	61.83516746340047
3	16	MT	362.2797332728525
3	17	Biogas	0.0
3	17	CH4	0.0
3	17	CH4_H2_Mix	0.0
3	17	DummyFuel	0.0
3	17	Electricity	89.21615594272762
3	17	H2	0.0
3	17	LT	51.809760630417465
3	17	MT	225.96136109999145
3	18	Biogas	0.0
3	18	CH4	0.0
3	18	CH4_H2_Mix	0.0
3	18	DummyFuel	0.0
3	18	Electricity	84.74689002896034
3	18	H2	0.0
3	18	LT	41.53164788453022
3	18	MT	116.03045897705663
3	19	Biogas	0.0
3	19	CH4	0.0
3	19	CH4_H2_Mix	0.0
3	19	DummyFuel	0.0
3	19	Electricity	77.0285530024732
3	19	H2	0.0
3	19	LT	15.129429676955317
3	19	MT	66.30121023958047
3	20	Biogas	0.0
3	20	CH4	0.0
3	20	CH4_H2_Mix	0.0
3	20	DummyFuel	0.0
3	20	Electricity	63.22861661893895
3	20	H2	0.0
3	20	LT	15.129429676955317
3	20	MT	66.00182486412164
3	21	Biogas	0.0
3	21	CH4	0.0
3	21	CH4_H2_Mix	0.0
3	21	DummyFuel	0.0
3	21	Electricity	48.16933035752682
3	21	H2	0.0
3	21	LT	15.129429676955317
3	21	MT	66.00182486412164
3	22	Biogas	0.0
3	22	CH4	0.0
3	22	CH4_H2_Mix	0.0
3	22	DummyFuel	0.0
3	22	Electricity	41.37010633844473
3	22	H2	0.0
3	22	LT	15.129429676955317
3	22	MT	66.00182486412164
3	23	Biogas	0.0
3	23	CH4	0.0
3	23	CH4_H2_Mix	0.0
3	23	DummyFuel	0.0
3	23	Electricity	39.39583743867988
3	23	H2	0.0
3	23	LT	15.129429676955317
3	23	MT	66.00182486412164
3	24	Biogas	0.0
3	24	CH4	0.0
3	24	CH4_H2_Mix	0.0
3	24	DummyFuel	0.0
3	24	Electricity	38.15256816892302
3	24	H2	0.0
3	24	LT	15.129429676955317
3	24	MT	66.00182486412164
4	1	Biogas	0.0
4	1	CH4	0.0
4	1	CH4_H2_Mix	0.0
4	1	DummyFuel	0.0
4	1	Electricity	37.0042284267812
4	1	H2	0.0
4	1	LT	13.276579979843877
4	1	MT	65.62840375985402
4	2	Biogas	0.0
4	2	CH4	0.0
4	2	CH4_H2_Mix	0.0
4	2	DummyFuel	0.0
4	2	Electricity	36.79374107673283
4	2	H2	0.0
4	2	LT	13.276579979843877
4	2	MT	62.47627471300604
4	3	Biogas	0.0
4	3	CH4	0.0
4	3	CH4_H2_Mix	0.0
4	3	DummyFuel	0.0
4	3	Electricity	36.58392395272902
4	3	H2	0.0
4	3	LT	13.276579979843877
4	3	MT	62.47627471300604
4	4	Biogas	0.0
4	4	CH4	0.0
4	4	CH4_H2_Mix	0.0
4	4	DummyFuel	0.0
4	4	Electricity	36.82789961375938
4	4	H2	0.0
4	4	LT	13.276579979843877
4	4	MT	62.47627471300604
4	5	Biogas	0.0
4	5	CH4	0.0
4	5	CH4_H2_Mix	0.0
4	5	DummyFuel	0.0
4	5	Electricity	38.27633960754774
4	5	H2	0.0
4	5	LT	13.276579979843877
4	5	MT	62.47627471300604
4	6	Biogas	0.0
4	6	CH4	0.0
4	6	CH4_H2_Mix	0.0
4	6	DummyFuel	0.0
4	6	Electricity	43.19906768773375
4	6	H2	0.0
4	6	LT	13.276579979843877
4	6	MT	62.47627471300604
4	7	Biogas	0.0
4	7	CH4	0.0
4	7	CH4_H2_Mix	0.0
4	7	DummyFuel	0.0
4	7	Electricity	53.3916246599167
4	7	H2	0.0
4	7	LT	13.276579979843877
4	7	MT	62.47627471300604
4	8	Biogas	0.0
4	8	CH4	0.0
4	8	CH4_H2_Mix	0.0
4	8	DummyFuel	0.0
4	8	Electricity	65.45443596469427
4	8	H2	0.0
4	8	LT	40.42428311028907
4	8	MT	245.20877290825857
4	9	Biogas	0.0
4	9	CH4	0.0
4	9	CH4_H2_Mix	0.0
4	9	DummyFuel	0.0
4	9	Electricity	80.16096679013799
4	9	H2	0.0
4	9	LT	46.339731174616304
4	9	MT	281.0023795354734
4	10	Biogas	0.0
4	10	CH4	0.0
4	10	CH4_H2_Mix	0.0
4	10	DummyFuel	0.0
4	10	Electricity	90.66954208009287
4	10	H2	0.0
4	10	LT	51.1895455974628
4	10	MT	310.4005206188382
4	11	Biogas	0.0
4	11	CH4	0.0
4	11	CH4_H2_Mix	0.0
4	11	DummyFuel	0.0
4	11	Electricity	94.73152043679816
4	11	H2	0.0
4	11	LT	51.1895455974628
4	11	MT	310.4005206188382
4	12	Biogas	0.0
4	12	CH4	0.0
4	12	CH4_H2_Mix	0.0
4	12	DummyFuel	0.0
4	12	Electricity	94.44019341982349
4	12	H2	0.0
4	12	LT	61.12142697565824
4	12	MT	370.6287519629021
4	13	Biogas	0.0
4	13	CH4	0.0
4	13	CH4_H2_Mix	0.0
4	13	DummyFuel	0.0
4	13	Electricity	85.46367406818189
4	13	H2	0.0
4	13	LT	61.12142697565824
4	13	MT	370.6287519629021
4	14	Biogas	0.0
4	14	CH4	0.0
4	14	CH4_H2_Mix	0.0
4	14	DummyFuel	0.0
4	14	Electricity	85.4901435239276
4	14	H2	0.0
4	14	LT	41.025411686764926
4	14	MT	248.74034009743997
4	15	Biogas	0.0
4	15	CH4	0.0
4	15	CH4_H2_Mix	0.0
4	15	DummyFuel	0.0
4	15	Electricity	92.26687902163347
4	15	H2	0.0
4	15	LT	61.12142697565824
4	15	MT	370.6287519629021
4	16	Biogas	0.0
4	16	CH4	0.0
4	16	CH4_H2_Mix	0.0
4	16	DummyFuel	0.0
4	16	Electricity	91.7098216408821
4	16	H2	0.0
4	16	LT	58.99015969269678
4	16	MT	352.5967917762897
4	17	Biogas	0.0
4	17	CH4	0.0
4	17	CH4_H2_Mix	0.0
4	17	DummyFuel	0.0
4	17	Electricity	89.63265173210907
4	17	H2	0.0
4	17	LT	49.61602930755024
4	17	MT	217.22132804747778
4	18	Biogas	0.0
4	18	CH4	0.0
4	18	CH4_H2_Mix	0.0
4	18	DummyFuel	0.0
4	18	Electricity	85.0102251900041
4	18	H2	0.0
4	18	LT	40.01674037489515
4	18	MT	113.09407282150468
4	19	Biogas	0.0
4	19	CH4	0.0
4	19	CH4_H2_Mix	0.0
4	19	DummyFuel	0.0
4	19	Electricity	77.5724713552975
4	19	H2	0.0
4	19	LT	14.548376107953146
4	19	MT	65.21298845768493
4	20	Biogas	0.0
4	20	CH4	0.0
4	20	CH4_H2_Mix	0.0
4	20	DummyFuel	0.0
4	20	Electricity	63.83102070707612
4	20	H2	0.0
4	20	LT	14.548376107953146
4	20	MT	64.72087304933635
4	21	Biogas	0.0
4	21	CH4	0.0
4	21	CH4_H2_Mix	0.0
4	21	DummyFuel	0.0
4	21	Electricity	48.65494565999739
4	21	H2	0.0
4	21	LT	14.548376107953146
4	21	MT	64.72087304933635
4	22	Biogas	0.0
4	22	CH4	0.0
4	22	CH4_H2_Mix	0.0
4	22	DummyFuel	0.0
4	22	Electricity	41.96159736010772
4	22	H2	0.0
4	22	LT	14.548376107953146
4	22	MT	64.72087304933635
4	23	Biogas	0.0
4	23	CH4	0.0
4	23	CH4_H2_Mix	0.0
4	23	DummyFuel	0.0
4	23	Electricity	39.93425750012074
4	23	H2	0.0
4	23	LT	14.548376107953146
4	23	MT	64.72087304933635
4	24	Biogas	0.0
4	24	CH4	0.0
4	24	CH4_H2_Mix	0.0
4	24	DummyFuel	0.0
4	24	Electricity	38.76635429780099
4	24	H2	0.0
4	24	LT	14.56287488030428
4	24	MT	64.72087304933635
5	1	Biogas	0.0
5	1	CH4	0.0
5	1	CH4_H2_Mix	0.0
5	1	DummyFuel	0.0
5	1	Electricity	37.26448310991611
5	1	H2	0.0
5	1	LT	13.36504331011014
5	1	MT	65.17280436939738
5	2	Biogas	0.0
5	2	CH4	0.0
5	2	CH4_H2_Mix	0.0
5	2	DummyFuel	0.0
5	2	Electricity	37.043236156649314
5	2	H2	0.0
5	2	LT	13.36504331011014
5	2	MT	62.48214186130094
5	3	Biogas	0.0
5	3	CH4	0.0
5	3	CH4_H2_Mix	0.0
5	3	DummyFuel	0.0
5	3	Electricity	36.822892566886686
5	3	H2	0.0
5	3	LT	13.36504331011014
5	3	MT	62.48214186130094
5	4	Biogas	0.0
5	4	CH4	0.0
5	4	CH4_H2_Mix	0.0
5	4	DummyFuel	0.0
5	4	Electricity	37.05019293232046
5	4	H2	0.0
5	4	LT	13.36504331011014
5	4	MT	62.48214186130094
5	5	Biogas	0.0
5	5	CH4	0.0
5	5	CH4_H2_Mix	0.0
5	5	DummyFuel	0.0
5	5	Electricity	38.47048997498507
5	5	H2	0.0
5	5	LT	13.36504331011014
5	5	MT	62.48214186130094
5	6	Biogas	0.0
5	6	CH4	0.0
5	6	CH4_H2_Mix	0.0
5	6	DummyFuel	0.0
5	6	Electricity	43.43553451372538
5	6	H2	0.0
5	6	LT	13.36504331011014
5	6	MT	62.48214186130094
5	7	Biogas	0.0
5	7	CH4	0.0
5	7	CH4_H2_Mix	0.0
5	7	DummyFuel	0.0
5	7	Electricity	53.66664811580025
5	7	H2	0.0
5	7	LT	13.36504331011014
5	7	MT	62.48214186130094
5	8	Biogas	0.0
5	8	CH4	0.0
5	8	CH4_H2_Mix	0.0
5	8	DummyFuel	0.0
5	8	Electricity	65.69649100295585
5	8	H2	0.0
5	8	LT	39.90698492406906
5	8	MT	243.95255730111654
5	9	Biogas	0.0
5	9	CH4	0.0
5	9	CH4_H2_Mix	0.0
5	9	DummyFuel	0.0
5	9	Electricity	80.41909834019899
5	9	H2	0.0
5	9	LT	45.61235249000692
5	9	MT	279.18606781752794
5	10	Biogas	0.0
5	10	CH4	0.0
5	10	CH4_H2_Mix	0.0
5	10	DummyFuel	0.0
5	10	Electricity	90.88733909442873
5	10	H2	0.0
5	10	LT	50.37334597155432
5	10	MT	308.3094716985911
5	11	Biogas	0.0
5	11	CH4	0.0
5	11	CH4_H2_Mix	0.0
5	11	DummyFuel	0.0
5	11	Electricity	94.96784155389436
5	11	H2	0.0
5	11	LT	50.37334597155432
5	11	MT	308.3094716985911
5	12	Biogas	0.0
5	12	CH4	0.0
5	12	CH4_H2_Mix	0.0
5	12	DummyFuel	0.0
5	12	Electricity	94.61123846833013
5	12	H2	0.0
5	12	LT	60.15519537346196
5	12	MT	368.1227546396618
5	13	Biogas	0.0
5	13	CH4	0.0
5	13	CH4_H2_Mix	0.0
5	13	DummyFuel	0.0
5	13	Electricity	85.59271599526815
5	13	H2	0.0
5	13	LT	60.15519537346196
5	13	MT	368.1227546396618
5	14	Biogas	0.0
5	14	CH4	0.0
5	14	CH4_H2_Mix	0.0
5	14	DummyFuel	0.0
5	14	Electricity	85.61343148233183
5	14	H2	0.0
5	14	LT	40.33163413083385
5	14	MT	246.92971357857581
5	15	Biogas	0.0
5	15	CH4	0.0
5	15	CH4_H2_Mix	0.0
5	15	DummyFuel	0.0
5	15	Electricity	92.39383766515479
5	15	H2	0.0
5	15	LT	60.15519537346196
5	15	MT	368.1227546396618
5	16	Biogas	0.0
5	16	CH4	0.0
5	16	CH4_H2_Mix	0.0
5	16	DummyFuel	0.0
5	16	Electricity	91.86307957575929
5	16	H2	0.0
5	16	LT	58.26644720468101
5	16	MT	350.81550665837335
5	17	Biogas	0.0
5	17	CH4	0.0
5	17	CH4_H2_Mix	0.0
5	17	DummyFuel	0.0
5	17	Electricity	89.73021604413833
5	17	H2	0.0
5	17	LT	48.978527693337746
5	17	MT	216.2114660405651
5	18	Biogas	0.0
5	18	CH4	0.0
5	18	CH4_H2_Mix	0.0
5	18	DummyFuel	0.0
5	18	Electricity	85.08042853714808
5	18	H2	0.0
5	18	LT	39.43205436751546
5	18	MT	113.31655733935924
5	19	Biogas	0.0
5	19	CH4	0.0
5	19	CH4_H2_Mix	0.0
5	19	DummyFuel	0.0
5	19	Electricity	77.62974197918015
5	19	H2	0.0
5	19	LT	14.356214934471183
5	19	MT	64.81489339462776
5	20	Biogas	0.0
5	20	CH4	0.0
5	20	CH4_H2_Mix	0.0
5	20	DummyFuel	0.0
5	20	Electricity	63.90046899540839
5	20	H2	0.0
5	20	LT	14.356214934471183
5	20	MT	64.33723755325762
5	21	Biogas	0.0
5	21	CH4	0.0
5	21	CH4_H2_Mix	0.0
5	21	DummyFuel	0.0
5	21	Electricity	48.81708216246388
5	21	H2	0.0
5	21	LT	14.356214934471183
5	21	MT	64.33723755325762
5	22	Biogas	0.0
5	22	CH4	0.0
5	22	CH4_H2_Mix	0.0
5	22	DummyFuel	0.0
5	22	Electricity	42.07130777689274
5	22	H2	0.0
5	22	LT	14.356214934471183
5	22	MT	64.33723755325762
5	23	Biogas	0.0
5	23	CH4	0.0
5	23	CH4_H2_Mix	0.0
5	23	DummyFuel	0.0
5	23	Electricity	40.018463617056554
5	23	H2	0.0
5	23	LT	14.356214934471183
5	23	MT	64.33723755325762
5	24	Biogas	0.0
5	24	CH4	0.0
5	24	CH4_H2_Mix	0.0
5	24	DummyFuel	0.0
5	24	Electricity	38.905666041371134
5	24	H2	0.0
5	24	LT	14.370713706822315
5	24	MT	64.33723755325762
6	1	Biogas	0.0
6	1	CH4	0.0
6	1	CH4_H2_Mix	0.0
6	1	DummyFuel	0.0
6	1	Electricity	37.110182029582084
6	1	H2	0.0
6	1	LT	13.215342805070446
6	1	MT	64.93200795154648
6	2	Biogas	0.0
6	2	CH4	0.0
6	2	CH4_H2_Mix	0.0
6	2	DummyFuel	0.0
6	2	Electricity	36.89880893588952
6	2	H2	0.0
6	2	LT	13.215342805070446
6	2	MT	62.2003576392531
6	3	Biogas	0.0
6	3	CH4	0.0
6	3	CH4_H2_Mix	0.0
6	3	DummyFuel	0.0
6	3	Electricity	36.69086287908946
6	3	H2	0.0
6	3	LT	13.215342805070446
6	3	MT	62.2003576392531
6	4	Biogas	0.0
6	4	CH4	0.0
6	4	CH4_H2_Mix	0.0
6	4	DummyFuel	0.0
6	4	Electricity	36.931159438086034
6	4	H2	0.0
6	4	LT	13.215342805070446
6	4	MT	62.2003576392531
6	5	Biogas	0.0
6	5	CH4	0.0
6	5	CH4_H2_Mix	0.0
6	5	DummyFuel	0.0
6	5	Electricity	38.3643565382628
6	5	H2	0.0
6	5	LT	13.215342805070446
6	5	MT	62.2003576392531
6	6	Biogas	0.0
6	6	CH4	0.0
6	6	CH4_H2_Mix	0.0
6	6	DummyFuel	0.0
6	6	Electricity	43.30565277652113
6	6	H2	0.0
6	6	LT	13.215342805070446
6	6	MT	62.2003576392531
6	7	Biogas	0.0
6	7	CH4	0.0
6	7	CH4_H2_Mix	0.0
6	7	DummyFuel	0.0
6	7	Electricity	53.48623236990869
6	7	H2	0.0
6	7	LT	13.215342805070446
6	7	MT	62.2003576392531
6	8	Biogas	0.0
6	8	CH4	0.0
6	8	CH4_H2_Mix	0.0
6	8	DummyFuel	0.0
6	8	Electricity	65.45571627306047
6	8	H2	0.0
6	8	LT	39.677222142430175
6	8	MT	243.20931048023138
6	9	Biogas	0.0
6	9	CH4	0.0
6	9	CH4_H2_Mix	0.0
6	9	DummyFuel	0.0
6	9	Electricity	80.14908091828435
6	9	H2	0.0
6	9	LT	45.398224722570845
6	9	MT	278.25752597151273
6	10	Biogas	0.0
6	10	CH4	0.0
6	10	CH4_H2_Mix	0.0
6	10	DummyFuel	0.0
6	10	Electricity	90.63707558717623
6	10	H2	0.0
6	10	LT	50.14129079938274
6	10	MT	307.32368653302325
6	11	Biogas	0.0
6	11	CH4	0.0
6	11	CH4_H2_Mix	0.0
6	11	DummyFuel	0.0
6	11	Electricity	94.73265638374002
6	11	H2	0.0
6	11	LT	50.14129079938274
6	11	MT	307.32368653302325
6	12	Biogas	0.0
6	12	CH4	0.0
6	12	CH4_H2_Mix	0.0
6	12	DummyFuel	0.0
6	12	Electricity	94.40382652603547
6	12	H2	0.0
6	12	LT	59.87495059985439
6	12	MT	366.98172565435107
6	13	Biogas	0.0
6	13	CH4	0.0
6	13	CH4_H2_Mix	0.0
6	13	DummyFuel	0.0
6	13	Electricity	85.46348118956514
6	13	H2	0.0
6	13	LT	59.87495059985439
6	13	MT	366.98172565435107
6	14	Biogas	0.0
6	14	CH4	0.0
6	14	CH4_H2_Mix	0.0
6	14	DummyFuel	0.0
6	14	Electricity	85.49101854914295
6	14	H2	0.0
6	14	LT	40.16010335206323
6	14	MT	246.13992941338876
6	15	Biogas	0.0
6	15	CH4	0.0
6	15	CH4_H2_Mix	0.0
6	15	DummyFuel	0.0
6	15	Electricity	92.27430706484141
6	15	H2	0.0
6	15	LT	59.87495059985439
6	15	MT	366.98172565435107
6	16	Biogas	0.0
6	16	CH4	0.0
6	16	CH4_H2_Mix	0.0
6	16	DummyFuel	0.0
6	16	Electricity	91.77287601185584
6	16	H2	0.0
6	16	LT	57.91907759319684
6	16	MT	350.0949920769781
6	17	Biogas	0.0
6	17	CH4	0.0
6	17	CH4_H2_Mix	0.0
6	17	DummyFuel	0.0
6	17	Electricity	89.67433288808769
6	17	H2	0.0
6	17	LT	48.696584663436425
6	17	MT	215.85533204663153
6	18	Biogas	0.0
6	18	CH4	0.0
6	18	CH4_H2_Mix	0.0
6	18	DummyFuel	0.0
6	18	Electricity	85.05205430517088
6	18	H2	0.0
6	18	LT	39.23117544171824
6	18	MT	112.45200622497626
6	19	Biogas	0.0
6	19	CH4	0.0
6	19	CH4_H2_Mix	0.0
6	19	DummyFuel	0.0
6	19	Electricity	77.54912794322749
6	19	H2	0.0
6	19	LT	14.293610520404938
6	19	MT	64.62576303334875
6	20	Biogas	0.0
6	20	CH4	0.0
6	20	CH4_H2_Mix	0.0
6	20	DummyFuel	0.0
6	20	Electricity	63.81675534884092
6	20	H2	0.0
6	20	LT	14.293610520404938
6	20	MT	64.16354484388101
6	21	Biogas	0.0
6	21	CH4	0.0
6	21	CH4_H2_Mix	0.0
6	21	DummyFuel	0.0
6	21	Electricity	48.71214465448491
6	21	H2	0.0
6	21	LT	14.293610520404938
6	21	MT	64.16354484388101
6	22	Biogas	0.0
6	22	CH4	0.0
6	22	CH4_H2_Mix	0.0
6	22	DummyFuel	0.0
6	22	Electricity	41.99873733437827
6	22	H2	0.0
6	22	LT	14.293610520404938
6	22	MT	64.16354484388101
6	23	Biogas	0.0
6	23	CH4	0.0
6	23	CH4_H2_Mix	0.0
6	23	DummyFuel	0.0
6	23	Electricity	39.97518836940075
6	23	H2	0.0
6	23	LT	14.293610520404938
6	23	MT	64.16354484388101
6	24	Biogas	0.0
6	24	CH4	0.0
6	24	CH4_H2_Mix	0.0
6	24	DummyFuel	0.0
6	24	Electricity	38.87304905369611
6	24	H2	0.0
6	24	LT	14.304049636497753
6	24	MT	64.16354484388101
